pushplus_token: 123456abc ## pushplus推送token
refresh_token: 123456abc ## 阿里云网盘刷新token
bilibili_cookie: 123456abc ## B站cookie
jd_cookie: wxa_level=1; retina=0; cid=3; jxsid=17107464092785010632; appCode=msc588d6d5; webp=1; __jda=122270672.1710746409288107323107.1710746409.1710746409.1710746409.1; __jdv=122270672%7Cdirect%7C-%7Cnone%7C-%7C1710746409288; __jdc=122270672; mba_muid=1710746409288107323107; 3AB9D23F7A4B3CSS=jdd03DALBKEBJ4AGL43PNH4OVH5CSXZTSJGJ4HVLR4SQRBUAXABP754H4EBXZJU4FUDTFVTQP4Z4F5YCU4P4HTIPJLQOXBEAAAAMOKBXKFSAAAAAACW6FPMOOVN5LTEX; 3AB9D23F7A4B3C9B=DALBKEBJ4AGL43PNH4OVH5CSXZTSJGJ4HVLR4SQRBUAXABP754H4EBXZJU4FUDTFVTQP4Z4F5YCU4P4HTIPJLQOXBE; _gia_d=1; visitkey=8791820921182300978; cd_eid=jdd03DALBKEBJ4AGL43PNH4OVH5CSXZTSJGJ4HVLR4SQRBUAXABP754H4EBXZJU4FUDTFVTQP4Z4F5YCU4P4HTIPJLQOXBEAAAAMOKBXKFSAAAAAACW6FPMOOVN5LTEX; PPRD_P=UUID.1710746409288107323107; share_cpin=; share_open_id=; share_gpin=; shareChannel=; source_module=; erp=; jxsid_s_u=https%3A//my.m.jd.com/; sc_width=1536; shshshfpa=485daa3c-e5d6-4509-b0e3-d0a9a897c015-1710746409; shshshfpx=485daa3c-e5d6-4509-b0e3-d0a9a897c015-1710746409; equipmentId=DALBKEBJ4AGL43PNH4OVH5CSXZTSJGJ4HVLR4SQRBUAXABP754H4EBXZJU4FUDTFVTQP4Z4F5YCU4P4HTIPJLQOXBE; fingerprint=8e85667a094768268f072fe38762b3cd; deviceVersion=122.0.0.0; deviceOS=; deviceOSVersion=; deviceName=Chrome; jcap_dvzw_fp=Zgp1BWIbjO6m81sWl9WptdLo6yQRjTAjWa0B929OOM4gP1_EDxhrBzxffrFtwVTwyLSrgRSi6E2Gqq9YRqhQOA==; TrackerID=Dy5KOCReR4WO9oEgE3p9S6uZmP1v1-8lAgOxfBARwQIzML67tk1cKdlvp0qDiDhHhD-AEBP0h_GZkHRz80rwW9Z-dW6TL6cnTbCIhXBaynA; pt_key=AAJl9-tZAEA3n82aBIJVbg5QclqWaLJK93wHVlT7zr8YbZgi5q8HoJIqR4Qe5i-xsADoVvbMYEf-PIJMb05Ny-Oqz8aZdowV; pt_pin=jd_5nK5hcxHoh8tpe6; pt_token=kxy7115n; pwdt_id=jd_5nK5hcxHoh8tpe6; sfstoken=tk01mdf9b1c9ca8sMyszQlhnRGkrs6PdVlVDL/DslJnzANYz7SASvVk3oIa67vYVR0s0JyTCbKf0ZkVL9ZR5RPwSlrP+; whwswswws=; __jdb=122270672.5.1710746409288107323107|1.1710746409; mba_sid=17107464093011945670412423543.6; __wga=1710746455214.1710746409589.1710746409589.1710746409589.2.1; jxsid_s_t=1710746455235; shshshfpb=BApXez8BnU-tAqwQsF5GrvQIqud4TUXHPBlI1YyZq9xJ1INZfQtPYuU_jjzPSPI4rZ6Vd4O0MRcdV; __jd_ref_cls=MMyJD_Main_NoticebarExpo
 ##京东cookie
